static_targets:
-
    target_name: CircleTarget6x6
    target_type: 1
    circle_dia: 0.02
    target_frame: target_frame
    transform_interface: ros_lti
    angle_axis_ax: 0.0
    angle_axis_ay: 0.0
    angle_axis_az: 0.0
    position_x: 0.0
    position_y: 0.0
    position_z: 0.0
    target_rows: 6
    target_cols: 6
    num_points: 36
    points:
    - pnt: [ 0.00000,  0.00000,  0.0220]
    - pnt: [ 0.00000,  0.03000,  0.0220]
    - pnt: [ 0.00000,  0.06000,  0.0220]
    - pnt: [ 0.00000,  0.09000,  0.0220]
    - pnt: [ 0.00000,  0.12000,  0.0220]
    - pnt: [ 0.00000,  0.15000,  0.0220]
    - pnt: [ 0.03000,  0.00000,  0.0220]
    - pnt: [ 0.03000,  0.03000,  0.0220]
    - pnt: [ 0.03000,  0.06000,  0.0220]
    - pnt: [ 0.03000,  0.09000,  0.0220]
    - pnt: [ 0.03000,  0.12000,  0.0220]
    - pnt: [ 0.03000,  0.15000,  0.0220]
    - pnt: [ 0.06000,  0.00000,  0.0220]
    - pnt: [ 0.06000,  0.03000,  0.0220]
    - pnt: [ 0.06000,  0.06000,  0.0220]
    - pnt: [ 0.06000,  0.09000,  0.0220]
    - pnt: [ 0.06000,  0.12000,  0.0220]
    - pnt: [ 0.06000,  0.15000,  0.0220]
    - pnt: [ 0.09000,  0.00000,  0.0220]
    - pnt: [ 0.09000,  0.03000,  0.0220]
    - pnt: [ 0.09000,  0.06000,  0.0220]
    - pnt: [ 0.09000,  0.09000,  0.0220]
    - pnt: [ 0.09000,  0.12000,  0.0220]
    - pnt: [ 0.09000,  0.15000,  0.0220]
    - pnt: [ 0.12000,  0.00000,  0.0220]
    - pnt: [ 0.12000,  0.03000,  0.0220]
    - pnt: [ 0.12000,  0.06000,  0.0220]
    - pnt: [ 0.12000,  0.09000,  0.0220]
    - pnt: [ 0.12000,  0.12000,  0.0220]
    - pnt: [ 0.12000,  0.15000,  0.0220]
    - pnt: [ 0.15000,  0.00000,  0.0220]
    - pnt: [ 0.15000,  0.03000,  0.0220]
    - pnt: [ 0.15000,  0.06000,  0.0220]
    - pnt: [ 0.15000,  0.09000,  0.0220]
    - pnt: [ 0.15000,  0.12000,  0.0220]
    - pnt: [ 0.15000,  0.15000,  0.0220]

moving_targets:
